# oST version 5.0 parameters


[image]

width
640

height
360

[narrow_stereo]

camera matrix
246.470673 0.000000 317.837861
0.000000 227.432647 200.511899
0.000000 0.000000 1.000000

distortion
-0.150726 0.019614 0.005480 0.005425 0.000000

rectification
1.000000 0.000000 0.000000
0.000000 1.000000 0.000000
0.000000 0.000000 1.000000

projection
177.996933 0.000000 330.102749 0.000000
0.000000 199.530380 209.130217 0.000000
0.000000 0.000000 1.000000 0.000000

