# oST version 5.0 parameters


[image]

width
640

height
360

[narrow_stereo]

camera matrix
372.640550 0.000000 315.749910
0.000000 375.972344 190.860416
0.000000 0.000000 1.000000

distortion
-0.257675 0.073781 -0.001009 -0.000553 0.000000

rectification
1.000000 0.000000 0.000000
0.000000 1.000000 0.000000
0.000000 0.000000 1.000000

projection
298.208832 0.000000 312.877986 0.000000
0.000000 351.411652 191.490660 0.000000
0.000000 0.000000 1.000000 0.000000

