# oST version 5.0 parameters


[image]

width
640

height
360

[narrow_stereo]

camera matrix
296.737699 0.000000 326.258343
0.000000 299.462349 195.294956
0.000000 0.000000 1.000000

distortion
-0.228952 0.045584 -0.000883 0.000103 0.000000

rectification
1.000000 0.000000 0.000000
0.000000 1.000000 0.000000
0.000000 0.000000 1.000000

projection
215.133484 0.000000 324.588739 0.000000
0.000000 270.606934 197.701522 0.000000
0.000000 0.000000 1.000000 0.000000

