[LEFT_CAM_2K]
cx = 1177.43
cy = 581.365
fx = 1400.03
fy = 1400.03
k1 = -0.168993
k2 = 0.0218198


[LEFT_CAM_FHD]
cx = 1033.43
cy = 500.365
fx = 1400.03
fy = 1400.03
k1 = -0.168993
k2 = 0.0218198


[LEFT_CAM_HD]
cx = 675.217
cy = 338.683
fx = 700.015
fy = 700.015
k1 = -0.168993
k2 = 0.0218198


[LEFT_CAM_VGA]
cx = 353.108
cy = 176.841
fx = 350.007
fy = 350.007
k1 = -0.168993
k2 = 0.0218198


[RIGHT_CAM_2K]
cx = 1165.64
cy = 626.683
fx = 1400.14
fy = 1400.14
k1 = -0.169832
k2 = 0.0240752


[RIGHT_CAM_FHD]
cx = 1021.64
cy = 545.683
fx = 1400.14
fy = 1400.14
k1 = -0.169832
k2 = 0.0240752


[RIGHT_CAM_HD]
cx = 669.322
cy = 361.341
fx = 700.069
fy = 700.069
k1 = -0.169832
k2 = 0.0240752


[RIGHT_CAM_VGA]
cx = 350.161
cy = 188.171
fx = 350.035
fy = 350.035
k1 = -0.169832
k2 = 0.0240752


[STEREO]
BaseLine = 120
CV_2K = 0.0122058
CV_FHD = 0.0122058
CV_HD = 0.0122058
CV_VGA = 0.0122058
RX_2K = 0.00575019
RX_FHD = 0.00575019
RX_HD = 0.00575019
RX_VGA = 0.00575019
RZ_2K = -0.000346486
RZ_FHD = -0.000346486
RZ_HD = -0.000346486
RZ_VGA = -0.000346486
